HEADER     24/06/19 5.1 RTE

M2       U         0.       0.
GEN    1 BUS    1    1211.      24.       1.       1.       0.      5.4
         0.002796    0.202     2.22    0.384    0.264    8.094     0.08
            2.018              2.22    0.393    0.262    1.572    0.084 1 4
        T      0.      0.1    1211.      24.      69.    1090.    1090.
            0.215    6.995    0.215    6.995

R GEN    1
AVRPUS     1



R GEN    1
GOVERP     1




M2       U         0.       0.
GEN    2 BUS    2    1120.      24.       1.       1.       0.      6.3
          0.00357    0.219     2.57    0.407      0.3    9.651    0.058
            2.351              2.57    0.454    0.301    1.009     0.06 1 4
        T      0.      0.1    1120.      24.      69.    1008.    1008.
            0.084     5.57    0.084     5.57

R GEN    2
AVRPUS     1



R GEN    2
GOVERP     1




M2       U         0.       0.
GEN    3 BUS    3    1650.      20.       1.       1.       0.    5.625
          0.00316    0.256     2.81    0.509    0.354   10.041    0.065
            2.554              2.62    0.601    0.377     1.22    0.094 1 4
        T      0.      0.1    1650.      20.      69.    1485.    1485.
             0.05    9.285     0.05    9.285

R GEN    3
AVRPUS     1



R GEN    3
GOVERP     1




M2       U         0.       0.
GEN    6 BUS    6      80.      15.       1.       1.       0.    4.975
            0.004    0.102     0.75    0.225    0.154       3.     0.04
            0.648              0.45      0.2    0.154     0.04     0.06 1 3
        N      0.      0.1      80.      15.      15.     71.8     74.4
             0.16      5.7     0.16      5.7

R GEN    6
GOVERP     1



R GEN    6
AVRP       1




M2       U         0.       0.
GEN    8 BUS    8     250.      18.       1.       1.       0.    2.748
            0.004     0.11     1.53     0.31    0.275      8.4    0.096
             1.42              0.99     0.58    0.346     0.56      0.1 1 3
        T      0.      0.1     250.      18.     13.8     242.     228.
             0.16      5.7     0.16      5.7

R GEN    8
AVRPUS     1



R GEN    8
GOVERP     1




LOADP   VOLTA1

         VOLTA1         1.       1.      1.5      2.5       0.       0.





CH
VOLTA1   W

