M2           .0000000 .0000000
GEN_AT 2 BUS_ASF2 1120.000 24.00000 .0000000 .0000000 .0000000 5.730000
         .0000000 .0000000 .0000000 .4110000 .0000000 .0000000 .0000000 .0000000
         .0000000          .0000000 .0000000 .0000000 .0000000 .0000000 0 0      0
         .0000000 .0000000 .0000000 .0000000 .0000000 .0000000 .0000000
         .0000000 .0000000 .0000000 .0000000 .0000000 .0000000 .0000000 .0000000

M2           .0000000 .0000000
GEN_DT 2 BUS_DSF2 1120.000 24.00000 .0000000 .0000000 .0000000 535.0000
         .0000000 .0000000 .0000000 .4110000 .0000000 .0000000 .0000000 .0000000
         .0000000          .0000000 .0000000 .0000000 .0000000 .0000000 0 0      0
         .0000000 .0000000 .0000000 .0000000 .0000000 .0000000 .0000000
         .0000000 .0000000 .0000000 .0000000 .0000000 .0000000 .0000000 .0000000

M23          .0000000 .0000000
GEN_BE 1 BUS_BS71 G                 1.000000 1.000000                   106.0000
